name: uvgs_viewer
channels:
  - pytorch
  - conda-forge
  - nvidia
  - defaults
dependencies:
  - blas=1.0=mkl
  - brotli-python=1.0.9=py311h5da7b33_9
  - bzip2=1.0.8=h2bbff1b_6
  - ca-certificates=2025.2.25=haa95532_0
  - certifi=2025.4.26=py311haa95532_0
  - charset-normalizer=3.3.2=pyhd3eb1b0_0
  - cuda-cccl=12.9.27=0
  - cuda-cccl_win-64=12.9.27=0
  - cuda-cudart=11.8.89=0
  - cuda-cudart-dev=11.8.89=0
  - cuda-cupti=11.8.87=0
  - cuda-libraries=11.8.0=0
  - cuda-libraries-dev=11.8.0=0
  - cuda-nvrtc=11.8.89=0
  - cuda-nvrtc-dev=11.8.89=0
  - cuda-nvtx=11.8.86=0
  - cuda-profiler-api=12.9.19=0
  - cuda-runtime=11.8.0=0
  - cuda-version=12.9=3
  - idna=3.7=py311haa95532_0
  - intel-openmp=2023.1.0=h59b6b97_46320
  - libcublas=11.11.3.6=0
  - libcublas-dev=11.11.3.6=0
  - libcufft=10.9.0.58=0
  - libcufft-dev=10.9.0.58=0
  - libcurand=10.3.10.19=0
  - libcurand-dev=10.3.10.19=0
  - libcusolver=11.4.1.48=0
  - libcusolver-dev=11.4.1.48=0
  - libcusparse=11.7.5.86=0
  - libcusparse-dev=11.7.5.86=0
  - libffi=3.4.4=hd77b12b_1
  - libjpeg-turbo=3.0.3=h827c3e9_0
  - libnpp=11.8.0.86=0
  - libnpp-dev=11.8.0.86=0
  - libnvjpeg=11.9.0.86=0
  - libnvjpeg-dev=11.9.0.86=0
  - libpng=1.6.39=h8cc25b3_0
  - libuv=1.48.0=h827c3e9_0
  - mkl=2023.1.0=h6b88ed4_46358
  - mkl-service=2.4.0=py311h827c3e9_2
  - mkl_fft=1.3.11=py311h827c3e9_0
  - mkl_random=1.2.8=py311hea22821_0
  - ninja=1.11.1=h91493d7_0
  - numpy=1.26.0=py311hdab7c0b_0
  - numpy-base=1.26.0=py311hd01c5d8_0
  - openssl=3.0.16=h3f729d1_0
  - pip=25.1=pyhc872135_2
  - pysocks=1.7.1=py311haa95532_0
  - python=3.11.11=h4607a30_0
  - pytorch=2.1.2=py3.11_cuda11.8_cudnn8_0
  - pytorch-cuda=11.8=h24eeafa_6
  - pytorch-mutex=1.0=cuda
  - pyyaml=6.0.2=py311h827c3e9_0
  - requests=2.32.3=py311haa95532_1
  - setuptools=78.1.1=py311haa95532_0
  - sqlite=3.45.3=h2bbff1b_0
  - tbb=2021.8.0=h59b6b97_0
  - tbb-devel=2021.8.0=h59b6b97_0
  - tk=8.6.14=h0416ee5_0
  - typing_extensions=4.12.2=py311haa95532_0
  - tzdata=2025b=h04d1e81_0
  - ucrt=10.0.20348.0=haa95532_0
  - urllib3=2.3.0=py311haa95532_0
  - vc=14.42=haa95532_5
  - vs2015_runtime=14.42.34433=hbfb602d_5
  - wheel=0.45.1=py311haa95532_0
  - win_inet_pton=1.1.0=py311haa95532_0
  - xz=5.6.4=h4754444_1
  - yaml=0.2.5=he774522_0
  - zlib=1.2.13=h8cc25b3_1
  - pip:
      - colorama==0.4.6
      - cuda-bindings==12.9.0
      - cuda-python==12.9.0
      - fast-gauss==0.1.0
      - filelock==3.18.0
      - fsspec==2025.3.2
      - glfw==2.9.0
      - gsplat==1.5.2
      - imageio==2.37.0
      - imgui==2.0.0
      - jaxtyping==0.3.2
      - jinja2==3.1.6
      - markdown-it-py==3.0.0
      - markupsafe==3.0.2
      - mdurl==0.1.2
      - mpmath==1.3.0
      - networkx==3.4.2
      - nvidia-ml-py3==7.352.0
      - packaging==25.0
      - pdbr==0.9.0
      - pillow==11.2.1
      - plyfile==1.1
      - pyglm==2.8.2
      - pygments==2.19.1
      - pyopengl==3.1.9
      - pyreadline3==3.5.4
      - pywin32==310
      - rich==14.0.0
      - ruamel-yaml==0.18.10
      - ruamel-yaml-clib==0.2.12
      - sympy==1.14.0
      - torch==2.7.0
      - torchaudio==2.1.2
      - torchvision==0.16.2
      - tqdm==4.67.1
      - typing-extensions==4.13.2
      - ujson==5.10.0
      - wadler-lindig==0.1.5

